+0 0
+2.500000e-09 0
+2.000000e-09 17
+4.100000e-08 17
+2.000000e-09 0
+2.500000e-09 0
+0 0
+5.000000e-08 0
+0 0
+2.500000e-09 0
+2.000000e-09 17
+4.100000e-08 17
+2.000000e-09 0
+2.500000e-09 0
+0 0
+5.000000e-08 0
+0 0
+2.500000e-09 0
+2.000000e-09 17
+4.100000e-08 17
+2.000000e-09 0
+2.500000e-09 0
+0 0
+5.000000e-08 0
+0 0
+2.500000e-09 0
+2.000000e-09 17
+4.100000e-08 17
+2.000000e-09 0
+2.500000e-09 0
+0 0
+5.000000e-08 0
+0 0
+2.500000e-09 0
+2.000000e-09 17
+4.100000e-08 17
+2.000000e-09 0
+2.500000e-09 0
+0 0
+5.000000e-08 0
+0 0
+2.500000e-09 0
+2.000000e-09 17
+4.100000e-08 17
+2.000000e-09 0
+2.500000e-09 0
+0 0
+5.000000e-08 0
+0 0
+2.500000e-09 0
+2.000000e-09 17
+4.100000e-08 17
+2.000000e-09 0
+2.500000e-09 0
+0 0
+5.000000e-08 0
+0 0
+2.500000e-09 0
+2.000000e-09 17
+4.100000e-08 17
+2.000000e-09 0
+2.500000e-09 0
+0 0
+5.000000e-08 0
+0 0
+2.500000e-09 0
+2.000000e-09 17
+4.100000e-08 17
+2.000000e-09 0
+2.500000e-09 0
+0 0
+5.000000e-08 0
+0 0
+2.500000e-09 0
+2.000000e-09 17
+4.100000e-08 17
+2.000000e-09 0
+2.500000e-09 0
+0 0
+5.000000e-08 0
+0 0
+2.500000e-09 0
+2.000000e-09 17
+4.100000e-08 17
+2.000000e-09 0
+2.500000e-09 0
+0 0
+5.000000e-08 0
+0 0
+2.500000e-09 0
+2.000000e-09 17
+4.100000e-08 17
+2.000000e-09 0
+2.500000e-09 0
+0 0
+5.000000e-08 0
+0 0
+2.500000e-09 0
+2.000000e-09 17
+4.100000e-08 17
+2.000000e-09 0
+2.500000e-09 0
+0 0
+5.000000e-08 0
+0 0
+2.500000e-09 0
+2.000000e-09 17
+4.100000e-08 17
+2.000000e-09 0
+2.500000e-09 0
+0 0
+5.000000e-08 0
+0 0
+2.500000e-09 0
+2.000000e-09 17
+4.100000e-08 17
+2.000000e-09 0
+2.500000e-09 0
+0 0
+5.000000e-08 0
+0 0
+2.500000e-09 0
+2.000000e-09 17
+4.100000e-08 17
+2.000000e-09 0
+2.500000e-09 0
+0 0
+5.000000e-08 0
+0 0
+2.500000e-09 0
+2.000000e-09 17
+4.100000e-08 17
+2.000000e-09 0
+2.500000e-09 0
+0 0
+5.000000e-08 0
+0 0
+2.500000e-09 0
+2.000000e-09 17
+4.100000e-08 17
+2.000000e-09 0
+2.500000e-09 0
+0 0
+5.000000e-08 0
+0 0
+2.500000e-09 0
+2.000000e-09 17
+4.100000e-08 17
+2.000000e-09 0
+2.500000e-09 0
+0 0
+5.000000e-08 0
+0 0
+2.500000e-09 0
+2.000000e-09 17
+4.100000e-08 17
+2.000000e-09 0
+2.500000e-09 0
+0 0
+5.000000e-08 0
